53152 200808  2.302 -119.8796   34.4141 -9999.0 -9999.0 -9999.0 -9999.0 -9999.0 -9999.0 U -9999.0 -9999.0 -9999.0
53152 200809  2.302 -119.8796   34.4141    21.1    13.6    17.4    17.3     0.3    18.8 R    42.3    12.6    23.0
53152 200810  2.302 -119.8796   34.4141    22.3     9.5    15.9    15.8     2.4    17.5 R    40.5     7.0    19.1
53152 200811  2.302 -119.8796   34.4141    20.7     8.9    14.8    14.6    44.2    12.7 R    30.8     6.6    15.5
53152 200812  2.302 -119.8796   34.4141    15.6     5.8    10.7    10.8    43.5    10.2 R    22.9     3.5    10.7
53152 200901  2.302 -119.8796   34.4141    17.9     5.8    11.9    11.5    18.5    11.9 R    27.2     3.4    12.0
53152 200902  2.302 -119.8796   34.4141    16.2     5.9    11.0    11.1   104.0    13.5 R    23.5     4.6    11.6
53152 200903  2.302 -119.8796   34.4141    16.5     7.0    11.7    12.1    26.9    19.9 R    28.0     5.5    14.2
53152 200904  2.302 -119.8796   34.4141    18.2     7.5    12.8    13.0     8.0    24.2 R    34.4     5.7    16.9
53152 200905  2.302 -119.8796   34.4141    20.2    11.3    15.8    15.3     0.9    21.8 R    35.8    11.1    20.2
53152 200906  2.302 -119.8796   34.4141    20.2    12.2    16.2    16.2    14.5    24.2 R    37.9    11.8    21.5
53152 200907  2.302 -119.8796   34.4141    20.6    13.1    16.9    16.7     0.0    27.3 R    42.3    12.9    23.7
53152 200908  2.302 -119.8796   34.4141    21.0    12.6    16.8    16.6     0.0    21.2 R    41.5    12.1    22.4
53152 200909  2.302 -119.8796   34.4141    22.6    13.7    18.2    18.1     0.7    19.1 R    43.2    12.4    23.2
53152 200910  2.302 -119.8796   34.4141    21.4    10.9    16.1    16.1    62.6    14.9 R    34.6     9.1    18.3
53152 200911  2.302 -119.8796   34.4141    19.3     7.0    13.1    12.9     4.9    12.7 R    30.4     4.4    13.6
53152 200912  2.302 -119.8796   34.4141    15.8     5.3    10.5    10.4    84.6     9.3 R    22.1     3.7    10.2
53152 201001  2.302 -119.8796   34.4141    17.2     6.3    11.8    11.5   173.0     9.7 R    21.3     4.5    10.8
53152 201002  2.302 -119.8796   34.4141    16.8     6.5    11.7    11.9   119.7    13.4 R    21.9     5.4    11.8
53152 201003  2.302 -119.8796   34.4141    18.0     7.2    12.6    12.6    30.3    20.1 R    25.3     5.7    13.4
53152 201004  2.302 -119.8796   34.4141    17.2     7.9    12.6    12.7    64.3    22.1 R    26.6     6.5    14.3
53152 201005  2.302 -119.8796   34.4141    19.4     9.8    14.6    14.5    19.4    26.4 R    30.8     7.8    17.1
53152 201006  2.302 -119.8796   34.4141    19.2    11.7    15.5    15.4     7.5    23.1 R    32.1    10.1    18.3
53152 201007  2.302 -119.8796   34.4141    20.1    12.8    16.4    16.1     2.2    22.3 R    33.8    11.6    19.5
53152 201008  2.302 -119.8796   34.4141    19.6    11.6    15.6    15.4     1.3    23.1 R    33.8    10.0    18.7
53152 201009  2.302 -119.8796   34.4141    20.3    11.2    15.8    15.5     3.5    19.0 R    32.4     9.9    18.1
53152 201010  2.302 -119.8796   34.4141    20.1    12.2    16.1    15.9    31.4    12.7 R    28.5    10.9    17.1
53152 201011  2.302 -119.8796   34.4141    18.5     7.0    12.7    12.7    22.6    12.4 R    26.6     3.9    12.5
53152 201012  2.302 -119.8796   34.4141    15.8     7.3    11.5    11.5   258.4     7.9 R    21.0     5.5    11.4
53152 201101  2.302 -119.8796   34.4141    17.5     5.2    11.3    11.2    41.2    11.6 R    23.7     3.4    10.8
53152 201102  2.402 -119.8796   34.4141    15.5     4.5    10.0    10.1   100.5    14.4 R    23.0     2.5    10.3
53152 201103  2.402 -119.8796   34.4141    17.4     7.5    12.4    12.4   157.2    17.3 R    24.2     6.4    13.5
53152 201104  2.402 -119.8796   34.4141    18.9     8.9    13.9    14.1     4.1    23.4 R    26.6     7.9    15.8
53152 201105  2.402 -119.8796   34.4141    19.2     9.1    14.1    14.1    15.2    26.2 R    28.2     7.8    16.6
53152 201106  2.402 -119.8796   34.4141    18.7    11.3    15.0    14.8    37.2    21.0 R    28.0    10.3    17.3
53152 201107  2.402 -119.8796   34.4141    21.3    13.8    17.6    17.4     1.5    23.4 R    32.0    13.0    20.5
53152 201108  2.402 -119.8796   34.4141    20.7    13.2    17.0    16.7     2.4    21.7 R    31.3    12.1    19.5
53152 201109  2.402 -119.8796   34.4141    20.2    12.9    16.5    16.2     3.1    16.2 R    29.1    12.2    18.5
53152 201110  2.402 -119.8796   34.4141    20.3    11.3    15.8    15.5    26.4    14.4 R    27.0    10.6    16.9
53152 201111  2.402 -119.8796   34.4141    17.9     7.2    12.5    12.4    78.9    11.4 R    23.9     6.0    12.9
53152 201112  2.402 -119.8796   34.4141    16.2     3.9    10.1     9.8    28.9    10.9 R    21.8     2.7     9.9
53152 201201  2.402 -119.8796   34.4141    17.7     4.7    11.2    11.1    63.6    11.8 R    22.7     3.5    11.4
53152 201202  2.402 -119.8796   34.4141    17.2     5.9    11.6    11.6     8.8    15.1 R    23.7     4.5    12.3
53152 201203  2.402 -119.8796   34.4141    16.1     5.8    10.9    10.9    58.1    18.5 R    24.7     4.5    12.5
53152 201204  2.402 -119.8796   34.4141    17.6     8.5    13.0    13.0    61.5    21.5 R    26.5     7.5    15.1
53152 201205  2.402 -119.8796   34.4141    20.0    10.6    15.3    15.1     4.3    26.0 R    27.9     9.6    17.7
53152 201206  2.402 -119.8796   34.4141    20.6    12.0    16.3    16.2     3.4    23.6 R    26.7    11.3    18.3
53152 201207  2.402 -119.8796   34.4141    20.3    12.8    16.5    16.3     2.7    23.3 R    27.7    12.3    18.7
53152 201208  2.402 -119.8796   34.4141    22.3    14.3    18.3    18.0     1.3    23.5 R    29.5    13.8    20.5
53152 201209  2.412 -119.8796   34.4141    22.3    13.8    18.0    17.9     2.6    19.9 R    30.4    13.2    20.1
53152 201210  2.412 -119.8796   34.4141    22.7    10.7    16.7    16.9     1.3    17.0 C    35.0     9.1    19.2
53152 201211  2.412 -119.8796   34.4141    19.2     8.8    14.0    14.1    43.7    11.2 C    28.4     7.4    15.2
53152 201212  2.412 -119.8796   34.4141    16.2     6.5    11.4    11.4    92.4     9.5 C    22.7     5.4    11.9
53152 201301  2.412 -119.8796   34.4141    16.3     3.0     9.7     9.5    50.4    11.7 C    22.3     2.0     9.6
53152 201302  2.412 -119.8796   34.4141    16.4     4.4    10.4    10.5     4.4    15.7 C    23.9     2.7    11.1
53152 201303  2.412 -119.8796   34.4141    17.0     8.5    12.8    12.6    41.0    17.7 C    23.6     7.0    14.0
53152 201304  2.412 -119.8796   34.4141    18.8     9.6    14.2    14.0     5.0    21.8 C    23.5     8.4    15.4
53152 201305  2.412 -119.8796   34.4141    21.4    11.2    16.3    16.4     2.3    26.9 C    28.2     9.6    18.6
53152 201306  2.412 -119.8796   34.4141    21.0    12.9    16.9    17.0     6.3    23.2 C    29.9    12.0    19.8
53152 201307  2.412 -119.8796   34.4141    21.8    13.8    17.8    17.4     1.6    22.3 C    31.2    13.3    20.4
53152 201308  2.412 -119.8796   34.4141    21.6    13.0    17.3    17.2     0.4    22.9 C    31.6    12.0    20.2
53152 201309  2.422 -119.8796   34.4141    23.3    12.5    17.9    17.9     0.2    21.2 C    35.9    10.6    20.7
53152 201310  2.422 -119.8796   34.4141    20.8     8.5    14.7    14.9    10.8    16.5 C    40.1     5.0    17.7
53152 201311  2.422 -119.8796   34.4141    19.9     7.1    13.5    13.6    18.4    12.5 C    35.4     4.0    14.5
53152 201312  2.422 -119.8796   34.4141    18.1     2.4    10.2    10.2     5.5    11.4 C    30.9    -1.3     9.3
53152 201401  2.422 -119.8796   34.4141    20.1     4.8    12.5    12.6     0.6    11.6 C    34.3     0.6    12.3
53152 201402  2.422 -119.8796   34.4141    18.2     7.7    12.9    12.9   104.5    13.5 C    35.2     3.3    14.4
53152 201403  2.422 -119.8796   34.4141    19.2     9.3    14.2    14.4    27.8    18.4 C    36.7     6.0    16.9
53152 201404  2.422 -119.8796   34.4141    19.2     9.1    14.1    14.1     7.7    23.5 C    38.0     6.0    18.2
53152 201405  2.422 -119.8796   34.4141    22.8    11.0    16.9    17.1     0.0    27.3 C    44.3     8.2    22.9
53152 201406  2.422 -119.8796   34.4141    21.0    12.2    16.6    16.7     0.0    25.0 C    42.7    10.3    23.4
53152 201407  2.422 -119.8796   34.4141    23.6    15.6    19.6    19.4     0.6    23.0 C    46.1    14.2    26.2
53152 201408  2.422 -119.8796   34.4141    22.6    14.4    18.5    18.3     0.2    21.9 C    45.1    12.9    24.8
53152 201409  2.422 -119.8796   34.4141    24.5    14.0    19.2    19.3     0.0    20.1 C    45.0    11.9    24.4
53152 201410  2.422 -119.8796   34.4141    24.1    11.8    17.9    18.2    21.5    16.6 C    42.1     9.6    21.3
53152 201411  2.422 -119.8796   34.4141    21.8     8.6    15.2    15.4     0.0    12.3 C    34.3     6.3    15.9
53152 201412  2.422 -119.8796   34.4141    18.6     8.4    13.5    13.6   137.7     9.1 C    24.3     6.8    13.0
53152 201501  2.422 -119.8796   34.4141    18.6     7.3    12.9    12.7    34.8    11.0 C    23.4     4.9    11.9
53152 201502  2.422 -119.8796   34.4141    18.7     9.3    14.0    14.0    18.0    13.9 C    24.8     6.8    13.8
53152 201503  2.422 -119.8796   34.4141    20.7     9.8    15.2    15.3     9.2    19.5 C    35.0     6.2    17.1
53152 201504  2.422 -119.8796   34.4141    20.1     9.2    14.7    14.9     5.6    23.8 C    42.2     4.9    19.4
53152 201505  2.422 -119.8796   34.4141    19.0     9.8    14.4    14.6     5.4    23.7 C    43.3     6.5    20.5
53152 201506  2.422 -119.8796   34.4141    20.9    13.3    17.1    16.8    14.0    23.5 C    45.5    11.7    24.3
53152 201507  2.422 -119.8796   34.4141    23.3    15.3    19.3    19.1     0.0    22.6 C    49.4    13.7    26.8
53152 201508  2.422 -119.8796   34.4141    25.2    15.7    20.5    20.5     0.0    23.4 C    51.8    13.7    27.9
53152 201509  2.422 -119.8796   34.4141    26.5    16.0    21.3    21.2    11.4    20.1 C    48.8    14.1    26.4
53152 201510  2.422 -119.8796   34.4141    26.2    14.6    20.4    20.2    20.5    16.0 C    43.4    12.2    22.8
53152 201511  2.422 -119.8796   34.4141    20.6     6.0    13.3    13.5     2.1    13.8 C    35.2     2.5    14.1
53152 201512  2.422 -119.8796   34.4141    18.3     4.6    11.5    11.8     6.8    11.0 C    29.6     0.9    11.1
53152 201601  2.422 -119.8796   34.4141    17.4     8.2    12.8    12.7   145.2     9.7 C    25.6     6.0    12.7
53152 201602  2.422 -119.8796   34.4141    20.9     7.4    14.2    13.8    11.5    16.3 C    28.2     4.0    13.0
53152 201603  2.422 -119.8796   34.4141    18.4     9.3    13.8    14.2    66.8    17.8 C    25.1     6.0    14.1
53152 201604  2.422 -119.8796   34.4141    20.2     9.8    15.0    15.1    11.7    23.0 C    33.9     6.2    17.5
53152 201605  2.422 -119.8796   34.4141    19.1    10.8    14.9    15.0     1.5    20.7 C    36.1     8.2    19.3
53152 201606  2.422 -119.8796   34.4141    20.8    12.6    16.7    16.5     0.0    19.5 C    39.6    10.8    22.3
53152 201607  2.422 -119.8796   34.4141    23.3    14.1    18.7    18.4     0.0    22.6 C    43.6    12.4    24.9
53152 201608  2.422 -119.8796   34.4141    22.5    14.4    18.4    18.2     0.0    21.1 C    42.6    12.1    24.1
53152 201609  2.422 -119.8796   34.4141    24.2    12.7    18.5    18.5     0.0    18.3 C    41.2    10.0    22.2
53152 201610  2.422 -119.8796   34.4141    22.4    10.1    16.3    16.6    16.0    14.8 C    35.4     7.6    18.2
53152 201611  2.422 -119.8796   34.4141    21.4     6.7    14.0    14.2    23.9    12.5 C    30.7     4.2    13.9
53152 201612  2.422 -119.8796   34.4141    16.6     6.1    11.4    11.5    80.4     9.0 C    23.0     3.4    11.0
53152 201701  2.422 -119.8796   34.4141    16.2     6.2    11.2    11.2   237.6     9.6 C    20.2     4.1    10.6
53152 201702  2.422 -119.8796   34.4141    16.1     8.9    12.5    12.6   224.8    10.5 C    20.0     7.1    12.7
53152 201703  2.422 -119.8796   34.4141    18.1     8.8    13.5    13.3    25.7    18.2 C    23.3     6.7    13.7
53152 201704  2.422 -119.8796   34.4141    20.1     9.6    14.9    14.9    12.1    22.3 C    28.1     6.6    15.7
53152 201705  2.422 -119.8796   34.4141    19.4    10.8    15.1    15.0     5.6    23.5 C    30.5     8.3    17.5
53152 201706  2.422 -119.8796   34.4141    21.1    13.0    17.0    16.9     0.8    24.4 C    33.6    10.6    20.1
53152 201707  2.422 -119.8796   34.4141    22.1    14.8    18.5    18.1     0.2    22.1 C    35.1    12.9    21.8
53152 201708  2.422 -119.8796   34.4141    23.0    15.8    19.4    19.0     1.5    20.6 C    36.1    14.1    22.4
53152 201709  2.422 -119.8796   34.4141    24.2    14.1    19.1    19.0     7.8    19.2 C    36.4    11.7    21.3
53152 201710  2.422 -119.8796   34.4141    24.4    10.7    17.6    17.4     0.0    16.0 C    35.2     8.1    18.7
53152 201711  2.422 -119.8796   34.4141    21.1     9.1    15.1    15.1     1.3    11.3 C    30.4     6.9    15.8
53152 201712  2.422 -119.8796   34.4141    19.2     3.6    11.4    11.2     0.0     9.5 C    27.0     1.0    10.6
53152 201801  2.422 -119.8796   34.4141    19.3     7.8    13.5    13.3    49.2     9.6 C    25.8     4.9    12.6
53152 201802  2.422 -119.8796   34.4141    17.5     5.3    11.4    11.5     0.7    14.8 C    28.6     1.2    11.9
53152 201803  2.622 -119.8796   34.4141    16.8     8.1    12.5    12.6   140.9    14.7 C    26.2     5.0    13.4
53152 201804  2.622 -119.8796   34.4141    18.9     9.2    14.1    14.0     1.2    20.8 C    30.1     6.0    15.6
53152 201805  2.622 -119.8796   34.4141    18.9    10.2    14.5    14.7     3.7    21.8 C    34.0     7.7    17.9
53152 201806  2.622 -119.8796   34.4141    20.7    12.4    16.6    16.6     0.6    21.2 C    35.8     9.6    20.5
53152 201807  2.622 -119.8796   34.4141    24.3    16.0    20.1    19.8     0.0    22.6 C    40.6    14.2    24.6
53152 201808  2.622 -119.8796   34.4141    24.8    15.6    20.2    20.1     0.0    21.6 C    41.0    13.6    24.2
53152 201809  2.622 -119.8796   34.4141    22.3    13.6    17.9    17.8     0.2    16.1 C    36.6    11.7    20.9
53152 201810  2.622 -119.8796   34.4141    22.5    11.7    17.1    17.2    13.3    14.8 C    34.3     9.6    18.9
53152 201811  2.622 -119.8796   34.4141    21.4     8.1    14.8    15.0    55.1    11.6 C    30.2     6.1    15.3
53152 201812  2.622 -119.8796   34.4141    18.2     7.2    12.7    12.4    13.1     9.9 C    24.3     4.6    11.9
53152 201901  2.622 -119.8796   34.4141    16.9     7.0    11.9    12.2   206.7     9.4 C    21.8     4.8    11.7
53152 201902  2.622 -119.8796   34.4141    14.9     5.7    10.3    10.6   145.8    12.3 C    20.6     3.5    10.4
53152 201903  2.622 -119.8796   34.4141    17.5     7.9    12.7    13.0   109.0    17.8 C    24.2     5.7    13.5
53152 201904  2.622 -119.8796   34.4141    19.1    10.5    14.8    14.6     1.9    20.3 C    26.9     8.6    16.0
53152 201905  2.622 -119.8796   34.4141    18.6    10.8    14.7    14.6    44.7    20.9 C    27.6     8.5    16.5
53152 201906  2.622 -119.8796   34.4141    19.7    13.3    16.5    16.2     0.5    18.1 C    29.2    11.7    18.7
53152 201907  2.622 -119.8796   34.4141    21.4    13.9    17.6    17.4     0.2    24.2 C    33.0    11.4    20.6
53152 201908  2.622 -119.8796   34.4141    22.1    14.2    18.2    17.8     0.9    22.3 C    34.0    11.9    21.0
53152 201909  2.622 -119.8796   34.4141    24.2    14.3    19.2    19.0     0.7    20.6 C    34.8    11.3    21.1
53152 201910  2.622 -119.8796   34.4141    23.4     9.5    16.4    16.5     0.4    17.6 C    32.4     6.3    17.0
53152 201911  2.622 -119.8796   34.4141    19.7     7.1    13.4    13.2    61.4    12.4 C    26.7     4.9    13.5
53152 201912  2.622 -119.8796   34.4141    17.4     7.6    12.5    12.4    98.7     9.0 C    21.5     5.2    11.7
53152 202001  2.622 -119.8796   34.4141    18.3     6.5    12.4    12.3    12.9    11.7 C    22.8     3.7    11.1
53152 202002  2.622 -119.8796   34.4141    18.4     7.0    12.7    12.6     0.4    15.6 C    24.8     4.1    12.4
53152 202003  2.622 -119.8796   34.4141    17.1     7.8    12.4    12.6    96.5    17.0 C    23.8     5.8    13.1
53152 202004  2.622 -119.8796   34.4141    19.4    10.2    14.8    14.9    59.4    21.5 C    27.1     8.1    16.3
53152 202005  2.622 -119.8796   34.4141    21.4    11.4    16.4    16.3     8.1    24.5 C    31.3     8.7    18.5
53152 202006  2.622 -119.8796   34.4141    22.0    13.2    17.6    17.4     4.9    22.9 C    32.4    10.6    19.8
53152 202007  2.622 -119.8796   34.4141    21.3    12.9    17.1    17.0     3.3    24.2 C    32.5    10.2    19.8
53152 202008  2.622 -119.8796   34.4141    23.3    14.7    19.0    18.5     1.9    22.1 C    34.2    12.5    21.2
53152 202009  2.622 -119.8796   34.4141    22.4    13.5    18.0    17.8     6.5    16.9 C    31.6    11.7    19.6
53152 202010  2.622 -119.8796   34.4141    22.8    11.8    17.3    17.3     4.0    14.1 C    30.9    10.2    18.2
53152 202011  2.622 -119.8796   34.4141    19.0     5.7    12.4    12.5     1.1    12.4 C    26.4     3.8    12.6
53152 202012  2.622 -119.8796   34.4141    18.4     3.7    11.0    11.3    44.7    10.8 C    24.6     1.7    10.8
53152 202101  2.622 -119.8796   34.4141    18.4     6.1    12.2    11.7   136.4    10.9 C    24.1     3.9    11.4
53152 202102  2.622 -119.8796   34.4141    18.0     6.2    12.1    12.2     2.1    15.9 C    25.4     3.5    12.5
53152 202103  2.622 -119.8796   34.4141    17.2     6.0    11.6    11.6    22.9    20.2 C    25.8     3.3    12.6
53152 202104  2.622 -119.8796   34.4141    19.4     8.0    13.7    13.7     5.5    24.0 C    29.3     5.4    15.8
53152 202105  2.622 -119.8796   34.4141    19.2    10.1    14.6    14.7     5.5    22.4 C    29.4     8.3    17.3
53152 202106  2.622 -119.8796   34.4141    21.4    12.8    17.1    16.9     5.2    23.3 C    31.8    11.3    19.8
53152 202107  2.622 -119.8796   34.4141    22.2    14.6    18.4    18.1     0.7    24.1 C    33.1    13.0    21.2
53152 202108  2.622 -119.8796   34.4141    22.4    13.6    18.0    17.6     0.7    21.4 C    32.8    12.5    20.3
53152 202109  2.622 -119.8796   34.4141    20.6    12.0    16.3    16.2     0.0    17.4 C    30.0    10.6    18.3
53152 202110  2.622 -119.8796   34.4141    21.6     9.6    15.6    15.5    34.0    15.6 C    29.6     7.9    16.6
53152 202111  2.622 -119.8796   34.4141    19.3     8.3    13.8    13.4     0.7    11.3 C    26.6     6.6    14.1
53152 202112  2.622 -119.8796   34.4141    15.3     5.7    10.5    10.7   186.1     8.0 C    20.0     4.3    10.8
53152 202201  2.622 -119.8796   34.4141    17.7     5.4    11.6    11.1     3.7    11.0 C    23.7     3.8    11.2
53152 202202  2.622 -119.8796   34.4141    18.4     4.7    11.5    11.4     0.3    16.4 C    25.6     2.5    11.7
53152 202203  2.622 -119.8796   34.4141    19.0     7.6    13.3    13.2    28.8    19.0 C    27.2     5.7    14.4
53152 202204  2.622 -119.8796   34.4141    20.2     8.2    14.2    14.5     5.4    23.8 C    32.5     6.0    17.3
53152 202205  2.622 -119.8796   34.4141    20.1     9.5    14.8    14.6     1.3    24.5 C    34.3     7.5    18.7
53152 202206  2.622 -119.8796   34.4141    22.0    12.9    17.5    17.3     0.0    24.9 C    37.0    11.2    22.1
53152 202207  2.622 -119.8796   34.4141    21.4    13.6    17.5    17.4     0.0    24.5 C    37.1    12.1    22.2
53152 202208  2.622 -119.8796   34.4141    22.1    13.9    18.0    17.8     0.0    23.8 C    37.0    12.6    22.4
53152 202209  2.622 -119.8796   34.4141    25.3    15.1    20.2    20.1     2.9    19.9 C    38.0    13.3    23.0
53152 202210  2.622 -119.8796   34.4141 -9999.0 -9999.0 -9999.0 -9999.0     1.1    13.6 C    32.0    10.4    18.4
53152 202211  2.622 -119.8796   34.4141 -9999.0 -9999.0 -9999.0 -9999.0    26.8    12.9 C    26.4     2.8    11.8
53152 202212  2.622 -119.8796   34.4141 -9999.0 -9999.0 -9999.0 -9999.0   162.5     8.5 C    20.8     5.2    11.3
53152 202301  2.622 -119.8796   34.4141 -9999.0 -9999.0 -9999.0 -9999.0   208.2    10.1 C    19.5     4.9    10.9
53152 202302  2.622 -119.8796   34.4141    15.6     4.2     9.9    10.1    85.1    14.0 C    20.4     2.7    10.2
53152 202303  2.622 -119.8796   34.4141    15.4     7.2    11.3    11.4   226.2    16.6 C    20.4     5.9    12.0
53152 202304  2.622 -119.8796   34.4141    16.4     8.1    12.3    12.4     0.0    21.0 C    22.6     7.1    13.9
53152 202305  2.622 -119.8796   34.4141    18.2    10.9    14.6    14.4    12.0    18.2 C    24.8    10.1    16.0
53152 202306  2.622 -119.8796   34.4141    19.8    12.0    15.9    16.0     7.3    20.1 C    26.6    10.8    17.7
53152 202307  2.622 -119.8796   34.4141    21.3    13.6    17.5    17.1     0.4    24.6 C    28.4    12.6    19.5
53152 202308  2.622 -119.8796   34.4141    23.7    14.8    19.2    18.9    11.4    21.9 C    30.4    13.6    20.7
53152 202309  2.622 -119.8796   34.4141    23.0    13.6    18.3    18.3     2.2    17.2 C    29.3    12.2    19.6
53152 202310  2.622 -119.8796   34.4141    22.3    10.3    16.3    16.2     9.3    16.2 C    28.3     9.1    17.2
53152 202311  2.622 -119.8796   34.4141    21.0     6.3    13.6    13.8     9.8    12.3 C    26.2     5.3    14.1
53152 202312  2.622 -119.8796   34.4141    19.1     7.2    13.1    13.0   124.5     9.1 C    23.3     6.2    13.0
53152 202401  2.622 -119.8796   34.4141    17.4     7.4    12.4    12.4    81.2    10.6 C    22.1     5.9    12.6
53152 202402  2.622 -119.8796   34.4141    16.6     7.9    12.2    12.3   295.9    12.2 C    21.7     5.9    12.4
53152 202403  2.622 -119.8796   34.4141 -9999.0 -9999.0 -9999.0 -9999.0 -9999.0 -9999.0 U -9999.0 -9999.0 -9999.0